5.92190907	
6.15035262	
6.17009113	
6.18024337	
6.18243489	
6.23961846	
6.26867106	
6.37283103	
6.38940659	
6.43668455	
6.45437412	
6.46070342	
6.50154011	
6.50391579	
6.50604182	
6.51665976	
6.54162256	
6.55311642	
6.57208379	
6.57311013	
6.63838883	
6.67802828	
6.67988992	
6.69345700	
6.71504116	
6.71660633	
6.74465059	
6.77324902	
6.78284413	
6.78573655	
6.79102630	
6.79387217	
6.81467098	
6.81618784	
6.81828715	
6.82115283	
6.82215624	
6.82905555	
6.83704694	
6.85828765	
6.86330183	
6.89549950	
6.91334318	
6.91744264	
6.91831234	
6.92715768	
6.93309856	
6.93676616	
6.94612869	
6.94866254	
6.95438844	
6.95755407	
6.96538816	
6.97283002	
6.97641865	
6.97701358	
6.97779692	
7.01301574	
7.02963736	
7.04179903	
7.04343081	
7.04768065	
7.05191166	
7.06122555	
7.06221029	
7.06545878	
7.06587252	
7.07460575	
7.07506623	
7.09303421	
7.09339446	
7.10059176	
7.11846078	
7.12590850	
7.12628443	
7.13409826	
7.13694223	
7.13752721	
7.14275419	
7.16224243	
7.16744171	
7.17217123	
7.18881057	
7.19285635	
7.20772852	
7.20787656	
7.21000548	
7.21301933	
7.22363268	
7.23103605	
7.24047912	
7.24646527	
7.25598318	
7.25667830	
7.25926796	
7.26390478	
7.27994320	
7.28272517	
7.28450130	
7.29531956	
7.30549313	
7.30620225	
7.31672096	
7.33142995	
7.33405572	
7.34294825	
7.34738633	
7.37324512	
7.38123751	
7.39452710	
7.39485631	
7.41678404	
7.42614630	
7.42809602	
7.43765699	
7.43823731	
7.44472681	
7.44677362	
7.44823916	
7.45145643	
7.45212198	
7.45409542	
7.45974585	
7.48284450	
7.48686782	
7.48766657	
7.52617772	
7.54295049	
7.57147281	
7.57181839	
7.57359630	
7.60166999	
7.61792569	
7.61901823	
7.66693353	
7.67211207	
7.67789567	
7.75020372	
