-1.74172423	-1.81884373	0.79002456	0.82977898	-0.92404288	-12.05258255	-5.97272681	0.22081826	2.69170738	0.17859646	1.57651675	-1.95744818	4.43737013	-2.73637521	-2.49376156	0.71765321	1.15046112	0.72102591	-4.27625802	-7.63898084	8.42317309	-2.96584311	2.02119168	-7.46864827	-1.92054867	-4.76866883	-6.80723325	-2.10444134	1.82807711	-8.40470781	4.32497054	
-1.74172423	-1.65577791	0.87773826	0.82977898	-0.92404288	-12.05258255	-5.97269770	0.22081826	2.69170738	0.17859646	1.57933513	-1.95744818	4.44895786	-2.51425505	-2.27906761	1.03902824	1.29445282	0.85855722	-4.27476337	-7.63743246	8.42759343	-2.60348658	2.02447450	-7.40275365	-1.87565543	-4.24237660	-6.10358024	-2.09396663	1.83054332	-8.33954629	4.33921382	
-1.74172423	-1.55793842	0.89640075	0.82977898	-0.92404288	-12.05258255	-5.97178091	0.22081826	2.69170738	0.17859646	1.57980486	-1.95744818	4.45260380	-2.21809484	-2.20750296	1.15472325	1.56934607	0.90440099	-4.27127585	-7.63743246	8.42799528	-2.47559603	2.04088859	-7.34335568	-1.84348195	-4.21845422	-5.96284964	-2.09396663	1.85088952	-8.30445931	4.33924467	
-1.74172423	-1.52532526	0.89826700	0.82977898	-0.92404288	-12.05258255	-5.97163539	0.22081826	2.69170738	0.17859646	1.58301467	-1.95744818	4.45588580	-1.99597468	-2.17172063	1.24470826	1.66534054	0.91586194	-4.26679190	-7.63278733	8.42948212	-2.15586968	2.04220172	-7.29880721	-1.84273373	-4.18257066	-5.96284964	-2.08814735	1.85458883	-8.29944689	4.34340905	
-1.74172423	-1.46009893	0.89826700	0.82977898	-0.92404288	-12.05258255	-5.97156263	0.22081826	2.69170738	0.17859646	1.58716395	-1.95744818	4.58274644	-1.92193463	-1.99280900	1.25113576	1.70024762	0.97316665	-4.26629368	-7.63227121	8.42960267	-2.11323950	2.04282546	-7.29880721	-1.81953889	-3.90746336	-5.04810074	-2.07650878	1.85890469	-8.29443447	4.34479718	
-1.74172423	-1.46009893	0.89826700	0.82977898	-0.92404288	-10.24523093	-5.97089323	0.22081826	2.69170738	0.17859646	1.58841656	-1.95744818	4.64838642	-1.69981447	-1.92124435	1.41825077	1.75260824	1.00754948	-4.26629368	-7.63227121	8.43321931	-2.09192441	2.04745423	-7.29602293	-1.81056024	-3.78785148	-4.97773544	-2.07068950	1.86691986	-8.21924809	4.34524931	
-1.74172423	-1.46009893	0.90759824	0.82977898	-0.92404288	-10.24523093	-5.97077681	0.22081826	2.69170738	0.17859646	1.59013890	-1.95744818	4.65716008	-1.55173436	-1.84967970	1.45295927	1.77878855	1.08777608	-4.26430081	-7.63227121	8.43466597	-2.02797914	2.04745423	-7.27560488	-1.80532270	-3.76392911	-4.90737014	-2.07068950	1.87616814	-8.20421082	4.34765508	
-1.74172423	-1.36225944	0.91506324	0.82977898	-0.92404288	-10.24523093	-5.97068950	0.22081826	2.69170738	0.17859646	1.59107836	-1.95744818	4.82177996	-1.55173436	-1.81389737	1.46324327	1.83114917	1.11069796	-4.26430081	-7.62969058	8.43603225	-1.98534896	2.05401987	-7.27374869	-1.80083337	-3.76392911	-4.76663954	-2.06487022	1.89096538	-8.19418597	4.34851135	
-1.74172423	-1.36225944	0.91506324	0.82977898	-0.92404288	-10.24523093	-5.97044211	0.22081826	2.69170738	0.17859646	1.59342701	-1.95744818	5.04000000	-1.47769431	-1.74233272	1.47609828	1.86605625	1.12215891	-4.26380259	-7.62969058	8.43643410	-1.98534896	2.05401987	-7.26725204	-1.79559583	-3.72804555	-4.55554364	-2.05905093	1.89651434	-8.17914870	4.34874708	
-1.74172423	-1.36225944	0.92439448	0.82977898	-0.92404288	-10.24523093	-5.97036935	0.22081826	2.69170738	0.17859646	1.59663682	-1.95744818	5.04000000	-1.47769431	-1.70655040	1.49538078	1.90969010	1.19092456	-4.26355349	-7.62969058	8.43683595	-1.90008859	2.05595673	-7.26261157	-1.78961006	-3.71608436	-4.48517834	-2.05905093	1.89713089	-8.17413627	4.35325689	
-1.74172423	-1.36225944	0.92999323	0.82977898	-0.92404288	-10.24523093	-5.97029659	0.22081826	2.69170738	0.17859646	1.59898547	-1.95744818	5.04000000	-1.40365426	-1.67076807	1.50630753	1.90969010	1.20238550	-4.26255705	-7.62917445	8.43683595	-1.83614332	2.05631784	-7.25704301	-1.77614209	-3.69216199	-4.20371714	-2.04159308	1.90391296	-8.17413627	4.35557434	
-1.74172423	-1.32964627	0.93932447	0.82977898	-0.92404288	-10.24523093	-5.96987458	0.22081826	2.69170738	0.17859646	1.60423078	-1.95744818	5.04000000	-1.25557415	-1.67076807	1.55965578	1.92714364	1.22530739	-4.26205883	-7.62865833	8.43683595	-1.83614332	2.05730269	-7.24683399	-1.76940811	-3.63235605	-3.99262124	-2.02995452	1.90576262	-8.14907415	4.35603529	
-1.74172423	-1.32964627	0.94492322	0.82977898	-0.92404288	-10.24523093	-5.96955443	0.22081826	2.69170738	0.17859646	1.60517024	-1.95744818	5.04000000	-1.18153410	-1.63498574	1.57958103	1.92714364	1.23676833	-4.26131151	-7.62710995	8.43804150	-1.81482823	2.06058551	-7.24497780	-1.76417056	-3.63235605	-3.99262124	-2.00667739	1.90822882	-8.14907415	4.35936100	
-1.74172423	-1.32964627	0.95238821	0.82977898	-0.92404288	-10.24523093	-5.96949622	0.22081826	2.69170738	0.17859646	1.60595312	-1.95744818	5.04000000	-1.18153410	-1.59920342	1.59179329	1.95245127	1.24822927	-4.26131151	-7.62710995	8.43804150	-1.79351314	2.06058551	-7.24312162	-1.76342234	-3.57255011	-3.78152534	-2.00667739	1.91377779	-8.13904930	4.36054939	
-1.74172423	-1.32964627	0.95798696	0.82977898	-0.92404288	-10.24523093	-5.96889958	0.22081826	2.69170738	4.71775024	1.60618798	-1.95744818	5.04000000	-1.10749405	-1.52763877	1.59179329	1.95332395	1.24822927	-4.26131151	-7.62710995	8.43884519	-1.79351314	2.06058551	-7.24033734	-1.73349352	-3.50078299	-3.71116004	-1.98340026	1.92364261	-8.12401202	4.36129452	
-1.74172423	-1.32964627	0.96171946	0.82977898	-0.92404288	-10.24523093	-5.96878316	0.22081826	2.69170738	4.71775024	1.60642285	-1.95744818	5.04000000	-1.10749405	-1.52763877	1.60464829	1.97950426	1.27115116	-4.25981686	-7.62710995	8.43884519	-1.70825278	2.06199712	-7.23384068	-1.72900420	-3.46489943	-3.64079474	-1.92520743	1.93165779	-8.11899960	4.36246124	
-1.74172423	-1.29703311	0.97664945	0.87109010	-0.92404288	-10.24523093	-5.96869585	0.22081826	2.69170738	4.71775024	1.60642285	-1.95744818	5.04000000	-1.03345399	-1.49185644	1.60464829	2.01441133	1.28261210	-4.25931864	-7.62710995	8.44085444	-1.70825278	2.06386832	-7.23105641	-1.72077377	-3.40509349	-3.50006414	-1.81464105	1.93350744	-8.11398718	4.36249003	
-1.74172423	-1.29703311	0.97664945	0.87109010	-0.92404288	-10.24523093	-5.96840480	0.22081826	2.69170738	4.71775024	1.61018068	-1.95744818	5.04000000	-1.03345399	-1.45607412	1.62393079	2.02313810	1.28261210	-4.25882042	-7.62581964	8.44085444	-1.68693769	2.06715114	-7.23105641	-1.71852911	-3.40509349	-3.50006414	-1.77390607	1.93782330	-8.10897475	4.36302309	
-1.74172423	-1.26441995	0.98598069	0.87109010	-0.92404288	-10.24523093	-5.96774995	0.22081826	2.69170738	4.71775024	1.61386023	-1.95744818	5.04000000	-0.95941394	-1.42029179	1.63035829	2.02488346	1.28261210	-4.25882042	-7.62556157	8.44406923	-1.66562260	2.06715114	-7.22827213	-1.71553623	-3.38117112	-3.50006414	-1.71571324	1.94892123	-8.10396233	4.36407849	
-1.74172423	-1.23180678	0.98971319	0.87109010	-0.92404288	-10.24523093	-5.96753167	0.22081826	2.69170738	4.71775024	1.61456482	-1.95744818	5.04000000	-0.88537389	-1.42029179	1.63678579	2.03186487	1.29407305	-4.25882042	-7.62504545	8.44406923	-1.64430751	2.06747942	-7.22827213	-1.71254334	-3.33332637	-3.35933354	-1.70407467	1.95631985	-8.10396233	4.36649578	
-1.74172423	-1.23180678	0.98971319	0.87109010	-0.92404288	-10.24523093	-5.96753167	0.22081826	2.69170738	4.71775024	1.61456482	-1.95744818	5.04000000	-0.88537389	-1.42029179	1.63678579	2.04059164	1.29407305	-4.25832221	-7.62452932	8.44447108	-1.62299242	2.06879255	-7.22734403	-1.71254334	-3.32136518	-3.28896824	-1.64529992	1.95631985	-8.09894990	4.36734972	
-1.74172423	-1.23180678	1.01397443	0.87109010	-0.92404288	-10.24523093	-5.96753167	0.22081826	2.69170738	4.71775024	1.63358886	-1.95744818	5.04000000	-0.88537389	-1.38450946	1.66249579	2.06677195	1.30553399	-4.25732577	-7.62452932	8.44487293	-1.62299242	2.07043396	-7.22641594	-1.68560740	-3.30940400	-3.28896824	-0.98830287	1.96248537	-8.06887535	4.37035503	
-1.74172423	-1.13396729	1.04756691	0.87109010	-0.92404288	-10.24523093	-5.96747346	0.22081826	2.69170738	4.71775024	1.63883417	-1.95744818	5.04000000	-0.81133384	-1.27716249	1.73962580	2.07549872	1.32845587	-4.25657845	-7.62452932	8.44527478	-1.58036224	2.07043396	-7.21991929	-1.67662876	-3.28548162	-3.21860293	-0.85445936	1.96248537	-8.05885050	4.37071431	
-1.74172423	-1.10135413	1.05129941	0.87109010	-0.92404288	-10.24523093	-5.96741525	0.22081826	2.69170738	4.71775024	1.68643340	-1.95744818	5.04000000	-0.81133384	-1.27716249	1.74605330	2.07549872	1.32845587	-4.25632934	-7.62452932	8.44563644	-1.55904715	2.07043396	-7.21620691	-1.67064299	-3.24959806	-3.07787233	-0.59841091	1.96680123	-8.03880080	4.37090717	
-1.74172423	-1.06874097	1.05503190	0.87109010	-0.92404288	-10.24523093	-5.96697869	0.22081826	2.69170738	4.71775024	1.69410564	-1.95744818	5.04000000	-0.73729378	-1.27716249	1.76533580	2.08422549	1.36283870	-4.25632934	-7.62375513	8.44567662	-1.47378679	2.07371678	-7.21249454	-1.66839833	-3.21371450	-3.00750703	0.75748202	1.96865088	-8.03880080	4.37128606	
-1.74172423	-1.06874097	1.05689815	0.87109010	-0.92404288	-10.24523093	-5.96696414	0.22081826	2.69170738	4.71775024	1.69418393	-1.95744818	5.04000000	-0.73729378	-1.27716249	1.77819080	2.08422549	1.36283870	-4.25558201	-7.62298094	8.44728402	-1.47378679	2.07440617	-7.20971026	-1.66839833	-3.18979212	-3.00750703	2.42000000	1.97358330	-8.02376353	4.37141298	
-1.74172423	-1.03612780	1.06622940	0.87109010	-0.92404288	-10.24523093	-5.96680406	0.22081826	2.69170738	4.71775024	1.72088021	-1.95744818	5.04000000	-0.73729378	-1.24138016	1.81675580	2.10342439	1.37429964	-4.25558201	-7.62272288	8.44728402	-1.45247170	2.07535819	-7.19950124	-1.66690189	-3.17783094	-2.93714173	2.42000000	1.97419985	-8.01875111	4.37163428	
-1.74172423	-1.03612780	1.06996189	0.87109010	-0.92404288	-10.24523093	-5.96657123	0.22081826	2.69170738	4.71775024	1.74256605	-1.95744818	5.04000000	-0.73729378	-1.24138016	1.84889331	2.11040580	1.37429964	-4.25383825	-7.62246482	8.44728402	-1.43115661	2.07699960	-7.19486077	-1.66540545	-3.17783094	-2.93714173	2.42000000	1.98961364	-8.01373868	4.37255496	
-1.74172423	-1.03612780	1.06996189	0.87109010	-0.92404288	-10.24523093	-5.96655667	0.22081826	2.69170738	4.71775024	1.74687190	-1.95744818	5.04000000	-0.73729378	-1.24138016	1.86174831	2.11913257	1.37429964	-4.25383825	-7.62194869	8.44764568	-1.43115661	2.07699960	-7.19207649	-1.65867146	-3.15390856	-2.86677643	2.42000000	1.99269640	-8.00872626	4.37285415	
-1.74172423	-1.00351464	1.06996189	0.87109010	-0.92404288	-10.24523093	-5.96641115	0.22081826	2.69170738	4.71775024	1.78288447	-1.95744818	5.04000000	-0.66325373	-1.20559784	1.90031331	2.12785934	1.38576059	-4.25383825	-7.62194869	8.44768587	-1.40984152	2.07765616	-7.18001128	-1.65493036	-3.10606381	-2.79641113	2.42000000	1.99392950	-8.00371383	4.37386015	
-1.74172423	-1.00351464	1.06996189	0.87109010	-0.92404288	-10.24523093	-5.96635294	0.22081826	2.69170738	4.71775024	1.80715382	-1.95744818	5.04000000	-0.58921368	-1.20559784	1.94916232	2.13658611	1.40868247	-4.25334004	-7.62194869	8.44768587	-1.40984152	2.07896929	-7.17351463	-1.64819637	-3.09410263	-2.72604583	2.42000000	1.99824536	-7.98867656	4.37798752	
-1.74172423	-0.97090148	1.07556064	0.87109010	-0.92404288	-10.24523093	-5.96630929	0.22081826	2.69170738	4.71775024	1.85000000	-1.95744818	5.04000000	-0.58921368	-1.20559784	1.95816082	2.13658611	1.40868247	-4.25334004	-7.62194869	8.44808772	-1.38852642	2.08028242	-7.17073035	-1.64669993	-3.05821906	-2.72604583	2.42000000	2.00071157	-7.95358958	4.38078315	
-1.74172423	-0.97090148	1.08489189	0.87109010	-0.92404288	-10.24523093	-5.96620742	0.22081826	2.69170738	4.71775024	1.85000000	-1.95744818	5.04000000	-0.58921368	-1.16981551	1.96458832	2.15403965	1.42014341	-4.25184538	-7.62091644	8.44808772	-1.36721133	2.08028242	-7.16980225	-1.63772129	-3.03429669	-2.72604583	2.42000000	2.00194467	-7.94857716	4.38389811	
-1.74172423	-0.90567515	1.10168813	0.87109010	-0.92404288	-10.24523093	-5.96600369	0.22081826	2.69170738	4.71775024	1.85000000	-1.95744818	5.04000000	-0.51517362	-1.13403318	1.99672582	2.15403965	1.43160436	-4.25184538	-7.61988419	8.44848957	-1.36721133	2.08028242	-7.16608988	-1.63697307	-3.02233550	-2.65568053	2.42000000	2.00502743	-7.94356473	4.38737975	
-1.74172423	-0.90567515	1.11661812	0.87109010	-0.92404288	-10.24523093	-5.96579996	0.22081826	2.69170738	4.71775024	1.85000000	-1.95744818	5.04000000	-0.51517362	-1.13403318	1.99672582	2.16276642	1.43160436	-4.25184538	-7.61962613	8.45009696	-1.36721133	2.08192383	-7.16608988	-1.63472840	-3.02233550	-2.65568053	2.42000000	2.00564398	-7.94356473	4.38855728	
-1.74172423	-0.87306199	1.11661812	0.87109010	-0.92404288	-10.24523093	-5.96571265	0.22081826	2.69170738	4.71775024	1.85000000	-1.95744818	5.04000000	-0.51517362	-1.13403318	2.02886332	2.18894673	1.44306530	-4.25134717	-7.61936806	8.45009696	-1.32458115	2.08356524	-7.16423369	-1.63398018	-2.99841313	-2.65568053	2.42000000	2.00811019	-7.94356473	4.38897580	
-1.74172423	-0.87306199	1.12221686	0.87109010	-0.92404288	-10.24523093	-5.96549436	0.22081826	2.69170738	4.71775024	1.85000000	-1.95744818	5.04000000	-0.51517362	-1.13403318	2.09956583	2.22385381	1.44306530	-4.25134717	-7.61936806	8.45118195	-1.28195097	2.08356524	-7.15959323	-1.63023908	-2.97449075	-2.58531523	2.42000000	2.00872674	-7.93353988	4.39150960	
-1.74172423	-0.84044882	1.13528061	0.87109010	-0.92404288	-10.24523093	-5.96547981	0.22081826	2.69170738	4.71775024	1.85000000	-1.95744818	5.04000000	-0.51517362	-1.09825086	2.11242083	2.23258058	1.46598719	-4.25134717	-7.61936806	8.45130251	-1.28195097	2.08586321	-7.15866513	-1.62874264	-2.93860719	-2.58531523	2.42000000	2.01365915	-7.89845291	4.39178171	
-1.74172423	-0.80783566	1.13528061	0.87109010	-0.92404288	-10.24523093	-5.96537795	0.22081826	2.69170738	4.71775024	1.85000000	-1.95744818	5.04000000	-0.44113357	-1.06246853	2.15098583	2.23258058	1.46598719	-4.25134717	-7.61936806	8.45170436	-1.23932079	2.08684805	-7.15866513	-1.62425332	-2.92664600	-2.51494993	2.42000000	2.01489226	-7.89845291	4.39220702	
-1.74172423	-0.80783566	1.14461185	0.87109010	-0.92404288	-10.24523093	-5.96495593	0.22081826	2.69170738	4.71775024	1.85000000	-1.95744818	5.04000000	-0.44113357	-1.02668621	2.15741333	2.24130735	1.46598719	-4.25134717	-7.61885194	8.45170436	-1.17537552	2.08684805	-7.15588086	-1.61901577	-2.92664600	-2.51494993	2.42000000	2.01735846	-7.89344049	4.39315023	
-1.74172423	-0.80783566	1.15767559	0.87109010	-0.92404288	-10.24523093	-5.96481041	0.22081826	2.69170738	4.71775024	1.85000000	-1.95744818	5.04000000	-0.44113357	-0.99090388	2.18955084	2.25003412	1.47744813	-4.25084895	-7.61833581	8.45210621	-1.15406043	2.09242885	-7.15216848	-1.61602289	-2.91468482	-2.44458463	2.42000000	2.01797502	-7.88842806	4.39315692	
-1.74172423	-0.77522250	1.16327434	0.87109010	-0.92404288	-10.24523093	-5.96473765	0.22081826	2.69170738	4.71775024	1.85000000	-1.95744818	5.04000000	-0.36709352	-0.99090388	2.20240584	2.25876089	1.47744813	-4.25059984	-7.61781969	8.45210621	-1.06880007	2.09341369	-7.15031230	-1.61303001	-2.89076244	-2.37421933	2.42000000	2.02167433	-7.88341564	4.39344930	
-1.74172423	-0.77522250	1.16327434	0.87109010	-0.92404288	-10.24523093	-5.96473765	0.22081826	2.69170738	4.71775024	1.85000000	-1.95744818	5.04000000	-0.36709352	-0.88355690	2.21526084	2.25876089	1.47744813	-4.25035073	-7.61678743	8.45250805	-1.04748498	2.09341369	-7.14938420	-1.61153357	-2.87880126	-2.37421933	2.42000000	2.02352398	-7.87840321	4.39360369	
-1.74172423	-0.77522250	1.16887308	0.87109010	-0.92404288	-10.24523093	-5.96446116	0.22081826	2.69170738	4.71775024	1.85000000	-1.95744818	5.04000000	-0.36709352	-0.88355690	2.22168834	2.26748766	1.50037001	-4.24960341	-7.61678743	8.45290990	-1.04748498	2.09669651	-7.14938420	-1.60704424	-2.87880126	-2.30385403	2.42000000	2.02475708	-7.86336594	4.39387940	
-1.74172423	-0.74260933	1.18193683	0.87109010	-0.92404288	-10.24523093	-5.96441750	0.22081826	2.69170738	4.71775024	1.85000000	-1.95744818	5.04000000	-0.36709352	-0.84777458	2.22168834	2.26748766	1.50037001	-4.24910519	-7.61549712	8.45290990	-1.02616989	2.09669651	-7.14845611	-1.60704424	-2.85487888	-2.30385403	2.42000000	2.02599019	-7.85334109	4.39540662	
-1.74172423	-0.74260933	1.19126807	0.87109010	-0.92404288	-10.24523093	-5.96437385	0.22081826	2.69170738	4.71775024	1.85000000	-1.95744818	5.04000000	-0.29305347	-0.81199225	2.24000000	2.27621443	1.51183096	-4.24885608	-7.61498099	8.45331175	-1.00485480	2.09997933	-7.14752802	-1.60554780	-2.83095651	-2.30385403	2.42000000	2.02783984	-7.84832866	4.39592823	
-1.74172423	-0.74260933	1.19500057	0.91240123	-0.92404288	-10.24523093	-5.96434474	0.22081826	2.69170738	4.71775024	1.85000000	-1.95744818	5.04000000	-0.29305347	-0.74042760	2.24000000	2.27621443	1.51183096	-4.24885608	-7.61420681	8.45411545	-1.00485480	2.10030761	-7.14659992	-1.60105848	-2.81899532	-2.23348873	2.42000000	2.03585501	-7.83830381	4.39893409	
-1.74172423	-0.70999617	1.20059932	0.91240123	-0.92404288	-10.24523093	-5.96425743	0.22081826	2.69170738	4.71775024	1.85000000	-1.95744818	5.04000000	-0.29305347	-0.66886295	2.24000000	2.27621443	1.52329190	-4.24636500	-7.61420681	8.45435656	-1.00485480	2.10326215	-7.14474374	-1.60105848	-2.78311176	-2.23348873	2.42000000	2.03708812	-7.81825412	4.40079973	
-1.74172423	-0.70999617	1.21366306	0.91240123	-0.92404288	-10.24523093	-5.96406825	0.22081826	2.69170738	4.71775024	1.85000000	-1.95744818	5.04000000	-0.29305347	-0.66886295	2.24000000	2.31984828	1.52329190	-4.24636500	-7.61420681	8.45451730	-0.98353971	2.10326215	-7.14288755	-1.59507271	-2.78311176	-2.16312343	2.42000000	2.04078743	-7.81825412	4.40145796	
-1.74172423	-0.70999617	1.22486055	0.91240123	-0.92404288	-10.24523093	-5.96398094	0.22081826	2.69170738	4.71775024	1.85000000	-1.95744818	5.04000000	-0.29305347	-0.59729830	2.24000000	2.36348213	1.53475284	-4.24586678	-7.61420681	8.45491915	-0.96222462	2.10326215	-7.14010327	-1.58833873	-2.74722820	-2.16312343	2.42000000	2.05003570	-7.80822927	4.40241477	
-1.74172423	-0.67738301	1.22486055	0.91240123	-0.92404288	-10.24523093	-5.96387907	0.22081826	2.69170738	4.71775024	1.85000000	-1.95744818	5.04000000	-0.29305347	-0.56151597	2.24000000	2.36348213	1.54621378	-4.24586678	-7.61420681	8.45572285	-0.96222462	2.10490356	-7.13546280	-1.58534584	-2.73526701	-2.16312343	2.42000000	2.05373501	-7.79820442	4.40376604	
-1.74172423	-0.64476984	1.22486055	0.91240123	-0.92404288	-10.24523093	-5.96350071	0.22081826	2.69170738	4.71775024	1.85000000	-1.95744818	5.04000000	-0.29305347	-0.53000000	2.24000000	2.37220890	1.55767473	-4.24561767	-7.61369068	8.45572285	-0.94090953	2.10523184	-7.13175043	-1.58160474	-2.73526701	-2.12000000	2.42000000	2.05558467	-7.78817957	4.40531357	
-1.74172423	-0.64476984	1.23419180	0.91240123	-0.92404288	-10.24523093	-5.96322422	0.22081826	2.69170738	4.71775024	1.85000000	-1.95744818	5.04000000	-0.29305347	-0.53000000	2.26025334	2.37220890	1.55767473	-4.24536856	-7.61240037	8.45612469	-0.89827935	2.10529750	-7.13082234	-1.57861186	-2.71134463	-2.12000000	2.42000000	2.05805087	-7.78817957	4.41211758	
-1.74172423	-0.64476984	1.24165679	0.91240123	-0.92404288	-10.24523093	-5.96307870	0.22081826	2.69170738	4.71775024	1.85000000	-1.95744818	5.04000000	-0.21901341	-0.53000000	2.26025334	2.37220890	1.58059661	-4.24412302	-7.61214230	8.45652654	-0.89827935	2.10982779	-7.12989425	-1.57711542	-2.69938345	-2.12000000	2.42000000	2.06051708	-7.78000000	4.41269898	
-1.74172423	-0.64476984	1.24165679	0.91240123	-0.92404288	-10.24523093	-5.96306415	0.22081826	2.69170738	4.71775024	1.85000000	-1.95744818	5.04000000	-0.21901341	-0.53000000	2.26668084	2.38966244	1.60351850	-4.24387391	-7.61188424	8.45733024	-0.89827935	2.10982779	-7.12896615	-1.57262609	-2.69938345	-2.12000000	2.42000000	2.06051708	-7.78000000	4.41287992	
-1.74172423	-0.64476984	1.25658678	0.95371235	-0.92404288	-10.24523093	-5.96299139	0.22081826	2.69170738	4.71775024	1.85000000	-1.95744818	5.04000000	-0.18000000	-0.53000000	2.27310834	2.39000000	1.60351850	-4.24387391	-7.61033586	8.45773209	-0.87696426	2.10982779	-7.12710997	-1.56738855	-2.69938345	-2.09275813	2.42000000	2.06051708	-7.78000000	4.41339983	
-1.74172423	-0.61215668	1.26218553	0.95371235	-0.92404288	-10.24523093	-5.96297683	0.22081826	2.69170738	4.71775024	1.85000000	-1.95744818	5.04000000	-0.18000000	-0.53000000	2.29239084	2.39000000	1.60351850	-4.24387391	-7.60930361	8.45813394	-0.85564917	2.11311060	-7.12525378	-1.56364745	-2.66349989	-2.09275813	2.42000000	2.06298328	-7.78000000	4.41559161	
-1.74172423	-0.61215668	1.26965052	0.95371235	-0.92404288	-10.24523093	-5.96281676	0.22081826	2.69170738	4.71775024	1.85000000	-1.95744818	5.04000000	-0.18000000	-0.53000000	2.29881835	2.39000000	1.60351850	-4.24387391	-7.60904555	8.45813394	-0.83433408	2.11573686	-7.12525378	-1.56215101	-2.63957751	-2.09275813	2.42000000	2.06359984	-7.78000000	4.41685673	
-1.74172423	-0.57954352	1.27151677	0.95371235	-0.92404288	-10.24523093	-5.96268579	0.22081826	2.69170738	4.71775024	1.85000000	-1.95744818	5.04000000	-0.18000000	-0.53000000	2.30524585	2.39000000	1.61000000	-4.24337569	-7.60852942	8.45813394	-0.81301898	2.11639342	-7.12432569	-1.55990635	-2.63957751	-2.09275813	2.42000000	2.07531432	-7.78000000	4.41787346	
-1.74172423	-0.57954352	1.28831301	0.95371235	-0.92404288	-10.24523093	-5.96268579	0.22081826	2.69170738	4.71775024	1.85000000	-1.95744818	5.04000000	-0.18000000	-0.53000000	2.31167335	2.39000000	1.61000000	-4.24138283	-7.60775523	8.45813394	-0.81301898	2.11639342	-7.12432569	-1.55616524	-2.60369395	-2.09275813	2.42000000	2.07593087	-7.78000000	4.42776815	
-1.74172423	-0.57954352	1.30324300	0.95371235	-0.92404288	-10.24523093	-5.96264213	0.22081826	2.69170738	4.71775024	1.85000000	-1.95744818	5.04000000	-0.18000000	-0.53000000	2.33738335	2.39000000	1.61000000	-4.24138283	-7.60698105	8.45933948	-0.81301898	2.11967624	-7.11968522	-1.55541702	-2.59173276	-2.09275813	2.42000000	2.07778052	-7.78000000	4.43246132	
-1.74172423	-0.54693035	1.30884175	0.95371235	-0.92404288	-10.24523093	-5.96264213	0.22081826	2.69170738	4.71775024	1.85000000	-1.95744818	5.04000000	-0.18000000	-0.53000000	2.34381085	2.39000000	1.61000000	-4.24138283	-7.60646492	8.45974133	-0.79170389	2.11967624	-7.11597285	-1.55392058	-2.57977158	-2.02239283	2.42000000	2.08887845	-7.78000000	4.43475916	
-1.74172423	-0.51431719	1.32190549	0.95371235	-0.92404288	-10.24523093	-5.96264213	0.22081826	2.69170738	4.71775024	1.85000000	-1.95744818	5.04000000	-0.18000000	-0.53000000	2.34381085	2.39000000	1.61000000	-4.24113372	-7.60646492	8.46094688	-0.77038880	2.11967624	-7.11411666	-1.54344549	-2.55584920	-2.02239283	2.42000000	2.08949501	-7.78000000	4.43539205	
-1.74172423	-0.51431719	1.32190549	0.95371235	-0.92404288	-10.24523093	-5.96243840	0.22081826	2.69170738	4.71775024	1.85000000	-1.95744818	5.04000000	-0.18000000	-0.53000000	2.34381085	2.39000000	1.61000000	-4.24088461	-7.60646492	8.46134873	-0.77038880	2.11967624	-7.11226047	-1.53521507	-2.55584920	-2.02239283	2.42000000	2.09874328	-7.78000000	4.43920732	
-1.74172423	-0.48170403	1.33496924	0.95371235	-0.92404288	-10.24523093	-5.96240930	0.22081826	2.69170738	4.71775024	1.85000000	-1.95744818	5.04000000	-0.18000000	-0.53000000	2.34381085	2.39000000	1.61000000	-4.24013728	-7.60646492	8.46175058	-0.72775862	2.12033281	-7.10762001	-1.53446685	-2.55584920	-1.95202753	2.42000000	2.10059293	-7.78000000	4.43940568	
-0.72000000	-0.44909086	1.33496924	0.95371235	-0.92404288	-10.24523093	-5.96236564	0.22081826	2.69170738	4.71775024	1.85000000	-1.95744818	5.04000000	-0.18000000	-0.53000000	2.35023835	2.39000000	1.61000000	-4.23963907	-7.60646492	8.46175058	-0.72775862	2.12295906	-7.10669192	-1.53222218	-2.55584920	-1.95202753	2.42000000	2.10059293	-7.78000000	4.44953920	
-0.72000000	-0.44909086	1.34989923	0.95371235	-0.92404288	-10.24523093	-5.96232199	0.22081826	2.69170738	4.71775024	1.85000000	-1.95744818	5.04000000	-0.18000000	-0.53000000	2.35666585	2.39000000	1.61000000	-4.23914085	-7.60594879	8.46215243	-0.68000000	2.12295906	-7.09833908	-1.53147396	-2.53192683	-1.88166223	2.42000000	2.10490880	-7.78000000	4.45120889	
-0.72000000	-0.38386454	1.34989923	0.95371235	-0.92404288	-10.24523093	-5.96203094	0.22081826	2.69170738	4.71775024	1.85000000	-1.95744818	5.04000000	-0.18000000	-0.53000000	2.36309335	2.39000000	1.61000000	-4.23889174	-7.60414235	8.46255428	-0.68000000	2.12328734	-7.09648289	-1.52698464	-2.50800445	-1.88166223	2.42000000	2.10552535	-7.78000000	4.45607862	
-0.72000000	-0.38386454	1.34989923	0.95371235	-0.92404288	-10.24523093	-5.96203094	0.22081826	2.69170738	4.71775024	1.85000000	-1.95744818	5.04000000	-0.18000000	-0.53000000	2.36309335	2.39000000	1.61000000	-4.23889174	-7.60388429	8.46295612	-0.68000000	2.12460047	-7.08998624	-1.52174710	-2.42427614	-1.88166223	2.42000000	2.12093914	-7.78000000	4.45655549	
-0.72000000	-0.38386454	1.34989923	0.95371235	-0.92404288	-10.24523093	-5.96198729	0.22081826	2.69170738	4.71775024	1.85000000	-1.95744818	5.04000000	-0.18000000	-0.53000000	2.36952085	2.39000000	1.61000000	-4.23714798	-7.60388429	8.46375982	-0.68000000	2.12624188	-7.08905814	-1.52025065	-2.41231495	-1.81129693	2.42000000	2.12402190	-7.78000000	4.45901504	
-0.72000000	-0.38386454	1.36482922	0.95371235	-0.92404288	-10.24523093	-5.96198729	0.22081826	2.69170738	4.71775024	1.85000000	-1.95744818	5.04000000	-0.18000000	-0.53000000	2.36952085	2.39000000	1.61000000	-4.23664976	-7.60388429	8.46416167	-0.68000000	2.12624188	-7.08627386	-1.51950243	-2.41231495	-1.81129693	2.42000000	2.12957086	-7.78000000	4.45974210	
-0.72000000	-0.35125137	1.36856172	0.95371235	-0.92404288	-10.24523093	-5.96184176	0.22081826	2.69170738	4.71775024	1.85000000	-1.95744818	5.04000000	-0.18000000	-0.53000000	2.36952085	2.39000000	1.61000000	-4.23640066	-7.60388429	8.46456352	-0.68000000	2.12689844	-7.07792103	-1.51351667	-2.36447021	-1.81129693	2.42000000	2.13881914	-7.78000000	4.45979808	
0.29558774	-0.35125137	1.37416046	0.99502348	-0.92404288	-10.24523093	-5.96184176	0.22081826	2.69170738	4.71775024	1.85000000	-1.95744818	5.04000000	-0.18000000	-0.53000000	2.36952085	2.39000000	1.61000000	-4.23515511	-7.60388429	8.46496537	-0.68000000	2.12952470	-7.07142437	-1.51052379	-2.36447021	-1.81129693	2.42000000	2.14190189	-7.78000000	4.46269834	
0.29558774	-0.35125137	1.38162546	0.99502348	-0.92404288	-10.24523093	-5.96171079	0.22081826	2.69170738	4.71775024	1.85000000	-1.95744818	5.04000000	-0.18000000	-0.53000000	2.36952085	2.39000000	1.61000000	-4.23390957	-7.60311010	8.46572888	-0.66381335	2.12952470	-7.06678391	-1.50753090	-2.35250902	-1.81129693	2.42000000	2.14560120	-7.78000000	4.47613305	
0.29558774	-0.35125137	1.38162546	0.99502348	-0.92404288	-10.24523093	-5.96166714	0.22081826	2.69170738	4.71775024	1.85000000	-1.95744818	5.04000000	-0.18000000	-0.53000000	2.38237585	2.39000000	1.61000000	-4.23390957	-7.60285204	8.46576907	-0.66381335	2.13280752	-7.06492772	-1.50004870	-2.35000000	-1.74093163	2.42000000	2.15000000	-7.78000000	4.48309837	
0.29558774	-0.35125137	1.39655545	0.99502348	-0.92404288	-10.24523093	-5.96166714	0.22081826	2.69170738	4.71775024	1.85000000	-1.95744818	5.04000000	-0.18000000	-0.53000000	2.38237585	2.39000000	1.61000000	-4.23390957	-7.60156173	8.46657276	-0.66381335	2.13280752	-7.06307153	-1.50004870	-2.35000000	-1.74093163	2.42000000	2.15000000	-7.78000000	4.49431547	
0.29558774	-0.31863821	1.39655545	0.99502348	-0.92404288	-10.24523093	-5.96152162	0.22081826	2.69170738	4.71775024	1.85000000	-1.95744818	5.04000000	-0.18000000	-0.53000000	2.38237585	2.39000000	1.61000000	-4.23366046	-7.59872303	8.46697461	-0.64249826	2.13280752	-7.06121535	-1.49705582	-2.35000000	-1.74093163	2.42000000	2.15000000	-7.78000000	4.50901853	
0.29558774	-0.31863821	1.41148544	0.99502348	-0.92404288	-10.24523093	-5.96146341	0.22081826	2.69170738	4.71775024	1.85000000	18.03107016	5.04000000	-0.18000000	-0.53000000	2.39523085	2.39000000	1.61000000	-4.23291314	-7.59640047	8.46737646	-0.62118317	2.13313580	-7.05100632	-1.49481115	-2.35000000	-1.74093163	2.42000000	2.15000000	-7.78000000	4.51579296	
0.29558774	-0.31863821	1.41148544	0.99502348	-0.92404288	-10.24523093	-5.96141975	0.22081826	2.69170738	4.71775024	1.85000000	18.03107016	5.04000000	-0.18000000	-0.53000000	2.39523085	2.39000000	1.61000000	-4.23166759	-7.59614240	8.46818016	-0.62118317	2.13576205	-7.04915014	-1.48807717	-2.32858664	-1.74093163	2.42000000	2.15000000	-7.78000000	4.52000000	
0.29558774	-0.31863821	1.41521794	0.99502348	-0.92404288	-10.24523093	-5.96134699	0.22081826	2.69170738	4.71775024	1.85000000	18.03107016	5.04000000	-0.18000000	-0.53000000	2.40165835	2.39000000	1.61000000	-4.23092027	-7.59614240	8.46858201	-0.59986808	2.13609033	-7.04729395	-1.48658073	-2.32858664	-1.74093163	2.42000000	2.15000000	-7.78000000	4.52000000	
0.29558774	-0.31863821	1.42828168	0.99502348	-0.92404288	-10.24523093	-5.96120147	0.22081826	2.69170738	4.71775024	1.85000000	18.03107016	5.04000000	-0.18000000	-0.53000000	2.40165835	2.39000000	1.61000000	-4.23042205	-7.59562628	8.46898386	-0.59986808	2.13609033	-7.04000000	-1.48508429	-2.30466427	-1.67056633	2.42000000	2.15000000	-7.74306774	4.52000000	
0.29558774	-0.28602505	1.43388043	0.99502348	-0.92404288	-10.24523093	-5.96120147	0.22081826	2.69170738	4.71775024	1.85000000	18.03107016	5.04000000	-0.18000000	-0.53000000	2.40808585	2.39000000	1.61000000	-4.22818007	-7.59356178	8.46898386	-0.57855299	2.13707518	-7.04000000	-1.48134318	-2.29270308	-1.67056633	2.42000000	2.15000000	-7.74306774	4.52000000	
0.29558774	-0.28602505	1.44881042	0.99502348	-0.92404288	-10.24523093	-5.96120147	0.22081826	2.69170738	4.71775024	1.85000000	18.03107016	5.04000000	-0.18000000	-0.53000000	2.42094086	2.39000000	1.61000000	-4.22768186	-7.59356178	8.46938571	-0.55723790	2.13937315	-7.04000000	-1.47685386	-2.29270308	-1.67056633	2.42000000	2.15000000	-7.74306774	4.52000000	
0.29558774	-0.28602505	1.47493790	0.99502348	-0.92404288	-10.24523093	-5.96112871	0.22081826	2.69170738	4.71775024	1.85000000	18.03107016	5.04000000	-0.18000000	-0.53000000	2.42094086	2.39838921	1.61000000	-4.22643631	-7.59330371	8.46978755	-0.55723790	2.14265597	-7.04000000	-1.47311276	-2.28074190	-1.52983573	2.42000000	2.15000000	-7.73805532	4.52000000	
0.29558774	-0.22079872	1.48613539	0.99502348	-0.92404288	-10.24523093	-5.96109960	0.22081826	2.69170738	4.71775024	1.85000000	18.03107016	5.04000000	-0.18000000	-0.53000000	2.44022336	2.39838921	1.61000000	-4.22593810	-7.59227146	8.47099310	-0.51460772	2.14265597	-7.04000000	-1.46413411	-2.22093596	-1.45947043	2.42000000	2.15000000	-7.73805532	4.52000000	
0.29558774	-0.22079872	1.48986789	0.99502348	-0.92404288	-10.24523093	-5.96098318	0.22081826	2.69170738	4.71775024	1.85000000	18.03107016	5.04000000	-0.18000000	-0.53000000	2.44022336	2.39838921	1.61000000	-4.22394523	-7.59149727	8.47344438	-0.49329263	2.14495395	-7.03894111	-1.45365902	-2.22093596	-1.45947043	2.42000000	2.15000000	-7.73805532	4.52000000	
0.29558774	-0.22079872	1.48986789	0.99502348	-0.92404288	-9.61000000	-5.96098318	0.22081826	2.69170738	4.71775024	1.85000000	18.03107016	5.04000000	-0.18000000	-0.53000000	2.44665086	2.40711598	1.61497944	-4.22394523	-7.59123921	8.47420789	-0.49329263	2.14593879	-7.03708492	-1.45291080	-2.20897477	-1.45947043	2.42000000	2.15000000	-7.73304290	4.52000000	
0.29558774	-0.22079872	1.49360039	1.03633460	-0.92404288	-9.61000000	-5.96043020	0.22081826	2.69170738	4.71775024	1.85000000	18.03107016	5.04000000	-0.18000000	-0.53000000	2.45950586	2.41584275	1.63790133	-4.22394523	-7.58969083	8.47702083	-0.47197754	2.14922161	-7.03151637	-1.43869461	-2.20897477	-1.38910513	2.42000000	2.15000000	-7.73304290	4.52000000	
0.29558774	-0.18818556	1.49360039	1.03633460	-0.92404288	-9.61000000	-5.96038654	0.22081826	2.69170738	4.71775024	1.85000000	18.03107016	5.04000000	-0.18000000	-0.45416899	2.46593336	2.43329629	1.63790133	-4.22344701	-7.58917471	8.47782453	-0.47197754	2.14922161	-7.02966018	-1.43000000	-2.18505240	-1.38910513	2.42000000	2.15000000	-7.73304290	4.52000000	
0.29558774	-0.18818556	1.50293163	1.03633460	-0.92404288	-8.43787932	-5.96013916	0.22081826	2.69170738	4.71775024	1.85000000	18.03107016	5.04000000	-0.18000000	-0.45416899	2.47236086	2.43329629	1.64936227	-4.22344701	-7.58840052	8.47943193	-0.45066245	2.15578725	-7.02780399	-1.43000000	-2.17309121	-1.31873983	2.42000000	2.15000000	-7.73304290	4.52000000	
0.29558774	-0.15557239	1.51786163	1.03633460	-0.92404288	-8.43787932	-5.95961528	0.22081826	2.69170738	4.71775024	1.85000000	18.03107016	5.04000000	-0.18000000	-0.45416899	2.47878836	2.44202306	1.64936227	-4.22269969	-7.58633602	8.48023562	-0.45066245	2.15578725	-7.01573878	-1.43000000	-2.11328527	-1.24837453	2.42000000	2.15000000	-7.70296835	4.52000000	
0.29558774	-0.15557239	1.53279162	1.03633460	-0.92404288	-8.43787932	-5.95942610	0.22081826	2.69170738	4.71775024	1.85000000	18.03107016	5.04000000	-0.18000000	-0.38260434	2.47878836	2.44202306	1.66082321	-4.22245058	-7.58556183	8.48063747	-0.45066245	2.15578725	-7.01481069	-1.43000000	-2.07740171	-1.24837453	2.42000000	2.15000000	-7.69294350	4.52000000	
0.29558774	-0.12295923	1.53652411	1.03633460	-0.92404288	-8.43787932	-5.95933879	0.22081826	2.69170738	4.71775024	1.85000000	18.03107016	5.04000000	-0.14497336	-0.38260434	2.47878836	2.45074983	1.66082321	-4.22145414	-7.58401345	8.48103932	-0.42934736	2.15907007	-7.01295450	-1.42223376	-2.07740171	-1.24837453	2.42000000	2.15000000	-7.67790622	4.52000000	
0.29558774	-0.12295923	1.53652411	1.03633460	-0.92404288	-8.43787932	-5.95933879	0.22081826	2.69170738	4.71775024	1.85000000	18.03107016	5.04000000	-0.14497336	-0.38260434	2.48521586	2.45947660	1.67228415	-4.21896306	-7.58220701	8.48184302	-0.40803227	2.15907007	-7.01295450	-1.41699621	-2.02955696	-1.24837453	2.42000000	2.15000000	-7.67289380	4.52000000	
0.29558774	-0.12295923	1.53652411	1.03633460	-0.92404288	-8.43787932	-5.95919326	0.22081826	2.69170738	4.71775024	1.85000000	18.03107016	5.04000000	-0.14497336	-0.31103969	2.49164336	2.47693014	1.67228415	-4.21821573	-7.58220701	8.48184302	-0.38671718	2.16000000	-7.00738594	-1.41400333	-2.01759578	-1.17800923	2.42000000	2.15000000	-7.67289380	4.52000000	
0.29558774	-0.12295923	1.53652411	1.03633460	-0.92404288	-8.43787932	-5.95909140	0.22081826	2.69170738	4.71775024	1.85000000	18.03107016	5.04000000	-0.14497336	-0.27525737	2.49164336	2.48565691	1.68374510	-4.21647197	-7.57988444	8.48304857	-0.36540209	2.16000000	-7.00738594	-1.38931205	-1.89798390	-1.17800923	2.42000000	2.15000000	-7.67289380	4.52000000	
0.29558774	-0.12295923	1.53652411	1.03633460	-0.92404288	-8.43787932	-5.95853841	0.22081826	2.69170738	4.71775024	1.85000000	18.03107016	5.04000000	-0.14497336	-0.23947504	2.49807086	2.48565691	1.68374510	-4.21472821	-7.57833607	8.48385226	-0.32277191	2.16000000	-7.00552976	-1.38781561	-1.87406153	-1.17800923	2.42000000	2.15000000	-7.66788137	4.52000000	
0.29558774	-0.12295923	1.53652411	1.03633460	-0.92404288	-8.43787932	-5.95843655	0.22081826	2.69170738	4.71775024	1.85000000	18.03107016	5.04000000	-0.07093331	-0.23947504	2.53020836	2.50311045	1.68374510	-4.21423000	-7.57601350	8.48385226	-0.32277191	2.16000000	-7.00460166	-1.38407451	-1.85013916	-1.17800923	2.42000000	2.15000000	-7.66788137	4.52000000	
0.29558774	-0.12295923	1.53652411	1.03633460	-0.92404288	-8.43787932	-5.95818916	0.22081826	2.69170738	4.71775024	1.85000000	18.03107016	5.04000000	-0.07093331	-0.23947504	2.53663587	2.52929076	1.68374510	-4.21398089	-7.57549738	8.48425411	-0.32277191	2.16000000	-7.00088929	-1.38033341	-1.85013916	-1.10764393	2.42000000	2.15000000	-7.66286895	4.52000000	
0.29558774	-0.12295923	1.53652411	1.03633460	-0.92404288	-8.43787932	-5.95805819	0.22081826	2.69170738	4.71775024	1.85000000	18.03107016	5.04000000	-0.07093331	-0.20369271	2.53663587	2.53801753	1.69520604	-4.21398089	-7.57549738	8.48545966	-0.32277191	2.16103976	-6.99624882	-1.36836188	-1.83817797	-1.03727863	2.42000000	2.15000000	-7.64281925	4.52000000	
0.29558774	-0.09034606	1.53652411	1.03633460	-0.92404288	-8.43787932	-5.95802909	0.22081826	2.69170738	4.71775024	1.85000000	18.03107016	5.04000000	-0.07093331	-0.20369271	2.53663587	2.57292461	1.70666698	-4.21398089	-7.57369093	8.48626336	-0.32277191	2.16563570	-6.98325552	-1.36013145	-1.83817797	-0.96691333	2.42000000	2.15000000	-7.63279440	4.52000000	
0.29558774	-0.09034606	1.53652411	1.03633460	-0.92404288	-8.43787932	-5.95773804	0.22081826	2.69170738	4.71775024	1.85000000	18.03107016	5.04000000	0.00310675	-0.16791039	2.56877337	2.57292461	1.70666698	-4.21348267	-7.57291675	8.48666521	-0.30145682	2.16563570	-6.98047124	-1.35639035	-1.79033322	-0.96691333	2.42000000	2.15299982	-7.62778198	4.52000000	
0.29558774	-0.09034606	1.53652411	1.03633460	-0.92404288	-8.43787932	-5.95760707	0.22081826	2.69170738	4.71775024	1.85000000	18.03107016	5.04000000	0.00310675	-0.16791039	2.56877337	2.57292461	1.71812792	-4.21148980	-7.57033612	8.48666521	-0.28014173	2.16632509	-6.97861505	-1.34367060	-1.79033322	-0.96691333	2.42000000	2.16163155	-7.62778198	4.52000000	
0.29558774	-0.09034606	1.53652411	1.03633460	-0.92404288	-8.43787932	-5.95730148	0.22081826	2.69170738	4.71775024	1.85000000	18.03107016	5.04000000	0.07714680	-0.06056341	2.56877337	2.58165138	1.71812792	-4.20949693	-7.56827161	8.48867445	-0.28014173	2.16891852	-6.96469365	-1.33544017	-1.76641084	-0.89654803	2.42000000	2.16409775	-7.60773228	4.52000000	
0.29558774	-0.09034606	1.53652411	1.03633460	-0.92404288	-8.43787932	-5.95728693	0.22081826	2.69170738	4.71775024	1.85000000	18.03107016	5.04000000	0.07714680	-0.06056341	2.57520087	2.58165138	1.78689358	-4.20949693	-7.56594905	8.48899593	-0.28014173	2.17154478	-6.96283747	-1.32197220	-1.75444966	-0.89654803	2.42000000	2.17272948	-7.59770743	4.52000000	
0.29558774	-0.09034606	1.53652411	1.03633460	-0.92404288	-8.43787932	-5.95718506	0.22081826	2.69170738	4.71775024	1.85000000	18.03107016	5.04000000	0.07714680	-0.06056341	2.59448337	2.59037815	1.78689358	-4.20874961	-7.56259423	8.49188924	-0.28014173	2.17154478	-6.95170035	-1.31972754	-1.73052728	-0.82618273	2.42000000	2.20109085	-7.59770743	4.54366588	
0.29558774	-0.05773290	1.53652411	1.03633460	-0.92404288	-8.43787932	-5.95667573	0.22081826	2.69170738	4.71775024	1.85000000	18.03107016	5.04000000	0.15118685	-0.02478109	2.60733837	2.59037815	1.78689358	-4.20000000	-7.56156198	8.49269294	-0.23751155	2.17482759	-6.95077226	-1.31972754	-1.71856610	-0.82618273	2.42000000	2.22945223	-7.59770743	4.55918667	
0.29558774	-0.05773290	1.53652411	1.03633460	-0.92404288	-8.43787932	-5.95645745	0.22081826	2.69170738	4.71775024	1.85000000	18.03107016	5.04000000	0.22522690	-0.02478109	2.61376587	2.59037815	1.78689358	-4.20000000	-7.56000000	8.49791697	-0.13093609	2.17548416	-6.93685086	-1.31523821	-1.65876016	-0.82618273	2.42000000	2.23870050	-7.58768258	4.56116379	
0.29558774	-0.05773290	1.53652411	1.03633460	-0.92404288	-8.43787932	-5.95616641	0.22081826	2.69170738	4.71775024	1.85000000	18.03107016	5.04000000	0.22522690	-0.02478109	2.61376587	2.61655846	1.79835452	-4.20000000	-7.56000000	8.49952437	-0.10962100	2.17801193	-6.93499467	-1.31224533	-1.64679897	-0.82618273	2.42000000	2.24178326	-7.58768258	4.56148845	
0.29558774	-0.05773290	1.53652411	1.07764573	-0.92404288	-8.43787932	-5.95602089	0.22081826	2.69170738	4.71775024	1.85000000	18.03107016	5.04000000	0.29926696	-0.02478109	2.62019337	2.66891908	1.82127641	-4.20000000	-7.56000000	8.50000000	-0.10962100	2.18195131	-6.93499467	-1.28905049	-1.62287660	-0.75581743	2.42000000	2.24794878	-7.58768258	4.56392280	
0.29558774	-0.02511974	1.53652411	1.07764573	-0.92404288	-8.43787932	-5.95596268	0.22081826	2.69170738	4.71775024	1.85000000	18.03107016	5.04000000	0.29926696	-0.02478109	2.65233088	2.69509939	1.83273735	-4.20000000	-7.56000000	8.50000000	-0.08830591	2.18204980	-6.93221039	-1.25163946	-1.61091541	-0.68545213	2.42000000	2.26644533	-7.57765773	4.56430507	
0.29558774	-0.02511974	1.54212286	1.07764573	-0.92404288	-8.43787932	-5.95584626	0.22081826	2.69170738	4.71775024	1.85000000	18.03107016	5.04000000	0.37330701	-0.02478109	2.65875838	2.71255293	1.83273735	-4.20000000	-7.56000000	8.50000000	-0.04567573	2.18533261	-6.92478565	-1.23218573	-1.58699304	-0.61508683	2.42000000	2.28370877	-7.55760803	4.57955380	
0.29558774	-0.02511974	1.54585536	1.07764573	-0.92404288	-8.43787932	-5.95542425	0.22081826	2.69170738	4.71775024	1.85000000	18.03107016	5.04000000	0.37330701	0.01100124	2.67804088	2.73873324	1.85565924	-4.20000000	-7.56000000	8.50000000	-0.02436064	2.18533261	-6.92385755	-1.20001224	-1.56307066	-0.61508683	2.42000000	2.29295705	-7.55760803	4.59263296	
0.29558774	-0.02511974	1.54958786	1.07764573	-0.92404288	-8.43787932	-5.95514775	0.22081826	2.69170738	4.71775024	1.85000000	18.03107016	5.04000000	0.44734706	0.01100124	2.69089588	2.74746001	1.90150301	-4.20000000	-7.56000000	8.50000000	-0.02436064	2.18533261	-6.92014518	-1.16185299	-1.50326473	-0.61508683	2.42000000	2.31761911	-7.54257076	4.59482645	
0.29558774	0.00749343	1.57011659	1.07764573	-0.92404288	-8.43787932	-5.95476940	0.22081826	2.69170738	4.71775024	1.85000000	18.03107016	5.04000000	0.44734706	0.01100124	2.69089588	2.76491355	1.91296395	-4.20000000	-7.56000000	8.50000000	0.01826954	2.18533261	-6.91457662	-1.13716172	-1.47934235	-0.61508683	2.42000000	2.32563428	-7.54257076	4.59655277	
0.29558774	0.00749343	1.57758159	1.07764573	-0.92404288	-8.43787932	-5.95426007	0.22081826	2.69170738	4.71775024	1.85000000	18.03107016	5.04000000	0.44734706	0.01100124	2.69089588	2.77364032	1.91296395	-4.18882093	-7.55536847	8.50000000	0.03958463	2.18763059	-6.91364853	-1.13342061	-1.44345879	-0.54472153	2.42000000	2.33549911	-7.53755833	4.60321744	
0.29558774	0.04010659	1.59811033	1.07764573	-0.60913211	-8.43787932	-5.95410000	0.22081826	2.69170738	4.71775024	1.85000000	18.03107016	5.04000000	0.52138712	0.08256589	2.70375088	2.79109386	1.92442489	-4.18657895	-7.55459428	8.50314101	0.06089972	2.18861543	-6.91179234	-1.13192417	-1.40757523	-0.47435623	2.42000000	2.36817635	-7.53254591	4.60528065	
0.29558774	0.04010659	1.63543531	1.07764573	-0.60913211	-8.43787932	-5.95367798	0.22081826	2.69170738	4.71775024	1.85000000	18.03107016	5.04000000	0.52138712	0.11834822	2.71660588	2.80854740	1.92442489	-4.18408786	-7.55330397	8.50354286	0.12484499	2.19518107	-6.90529569	-1.10049891	-1.35973048	-0.47435623	2.42000000	2.38605634	-7.52753348	4.62454851	
0.29558774	0.04010659	1.66156279	1.07764573	-0.60913211	-8.43787932	-5.95360522	0.22081826	2.69170738	4.71775024	1.85000000	18.03107016	5.04000000	0.52138712	0.11834822	2.72303338	2.82600094	1.93588583	-4.18408786	-7.53988470	8.50402508	0.16747517	2.19518107	-6.90343950	-1.07206652	-1.31188573	-0.40399093	2.42000000	2.44832806	-7.52252106	4.63845765	
0.29558774	0.04010659	1.72314900	1.07764573	-0.60913211	-8.43787932	-5.95316865	0.22081826	2.69170738	4.71775024	1.85000000	18.03107016	5.04000000	0.59542717	0.11834822	2.72946088	2.84345448	1.93588583	-4.17910569	-7.53936857	8.50635580	0.18879026	2.19518107	-6.87002815	-1.00846778	-1.26404098	-0.40399093	2.42000000	2.48285495	-7.51750863	4.66885380	
0.29558774	0.07271975	1.72314900	1.07764573	-0.60913211	-8.43787932	-5.95265933	0.22081826	2.69170738	4.71775024	1.85000000	18.03107016	5.04000000	0.59542717	0.11834822	2.73588838	2.84345448	1.93588583	-4.17661461	-7.53575569	8.51640202	0.18879026	2.19846389	-6.86074722	-1.00547489	-1.15639030	-0.33362563	2.42000000	2.48532116	-7.51249621	4.72048025	
0.29558774	0.07271975	1.72314900	1.07764573	-0.60913211	-8.43787932	-5.95110224	0.22081826	13.13705218	4.71775024	1.85000000	18.03107016	5.04000000	0.59542717	0.15413054	2.77445339	2.86090801	1.93588583	-4.16665027	-7.53059444	8.52323345	0.31668080	2.20076186	-6.85332247	-0.99499980	-1.07266199	-0.33362563	2.42000000	2.49765219	-7.50247136	4.73152911	
0.29558774	0.07271975	1.75674148	1.07764573	-0.60913211	-8.43787932	-5.95006904	0.22081826	13.13705218	4.71775024	1.85000000	18.03107016	5.04000000	0.66946722	0.22569520	2.80016339	2.86090801	1.93588583	-4.15668593	-7.52904606	8.52644824	0.35931099	2.20502953	-6.82640777	-0.98153183	-1.03677843	-0.33362563	2.42000000	2.51861494	-7.49244651	4.74146887	
0.29558774	0.07271975	1.76420648	1.07764573	-0.60913211	-8.43787932	-5.95000000	0.22081826	13.13705218	4.71775024	1.85000000	18.03107016	5.04000000	0.74350727	0.26147752	2.80659089	2.86963478	1.94734678	-4.15544038	-7.52646543	8.53376189	0.35931099	2.21159516	-6.80320544	-0.96731564	-1.03677843	-0.26326033	2.42000000	2.56917218	-7.48242166	4.76715281	
0.29558774	0.10533292	1.78473522	1.11895685	-0.60913211	-8.43787932	-5.95000000	0.22081826	13.13705218	4.71775024	1.85000000	18.03107016	5.04000000	0.74350727	0.26147752	2.83872839	2.86963478	1.94734678	-4.15245108	-7.52440093	8.53649446	0.35931099	2.21159516	-6.80042116	-0.96282632	-0.94108893	-0.19289502	2.42000000	2.57965356	-7.47239681	4.80101200	
0.29558774	0.10533292	1.80713020	1.20157910	-0.60913211	-8.43787932	-5.95000000	0.22081826	13.13705218	4.71775024	1.85000000	18.03107016	5.04000000	0.81754733	0.26147752	2.83872839	2.87836155	1.95880772	-4.14921267	-7.52285255	8.55096102	0.48720153	2.22144362	-6.77536264	-0.89174536	-0.92912774	-0.19289502	2.42000000	2.60369907	-7.47239681	4.88303022	
0.29558774	0.10533292	1.81646145	1.24289023	-0.60913211	-8.43787932	-5.95000000	0.22081826	13.13705218	4.71775024	1.85000000	18.03107016	5.04000000	0.89158738	0.29725985	2.85801089	2.87836155	1.97026866	-4.14647248	-7.51872354	8.56060539	0.55114680	2.22144362	-6.75308840	-0.85059323	-0.86932180	-0.05216442	2.42000000	2.62466183	-7.46738438	4.95233370	
0.29558774	0.10533292	1.89111140	1.24289023	-0.60913211	-8.43787932	-5.95000000	0.22081826	13.13705218	4.71775024	1.85000000	18.03107016	5.04000000	0.89158738	0.36882450	2.87729339	2.88708832	1.98172961	-4.14522693	-7.51020747	8.56301648	0.76429770	2.23457489	-6.71874895	-0.82515373	-0.76167112	-0.05216442	2.42000000	2.62959424	-7.45735954	4.96176584	
0.29558774	0.13794608	1.95643011	1.24289023	-0.60913211	-8.43787932	-5.95000000	0.22081826	13.13705218	4.71775024	1.85000000	18.03107016	5.04000000	1.03966749	0.40460682	2.89014840	2.92199540	1.98172961	-4.14173941	-7.49291726	8.56743682	0.76429770	2.25098899	-6.71132421	-0.73761192	-0.59421450	0.01820088	2.42000000	2.70604664	-7.44232226	4.97396058	
0.29558774	0.13794608	1.95643011	1.24289023	-0.60913211	-8.43787932	-5.95000000	0.22081826	13.13705218	4.71775024	1.85000000	18.03107016	5.04000000	1.03966749	0.69086543	2.89014840	2.93944894	2.06195620	-4.12878577	-7.44130468	8.60320137	0.76429770	2.25263040	-6.65563862	-0.71740997	-0.57029212	0.01820088	2.42000000	2.71406181	-7.44232226	5.06400073	
0.29558774	0.13794608	2.00308634	1.24289023	-0.60913211	-8.43787932	-5.95000000	0.22081826	13.13705218	4.71775024	1.94337530	18.03107016	5.04000000	1.03966749	0.69086543	2.92228590	3.00053633	2.09633903	-4.12504914	-7.43872405	8.60721986	0.95613352	2.26740308	-6.64635768	-0.71516531	-0.51048619	0.15893148	2.42000000	2.71467837	-7.42227256	5.08973097	
0.29558774	0.13794608	2.17478123	1.32551248	-0.29422135	-8.43787932	-5.95000000	0.22081826	13.13705218	4.71775024	1.97116762	18.03107016	5.04000000	1.18774759	0.90555938	2.95442340	3.01798987	2.15364375	-4.11433748	-7.42065965	8.61847162	0.99876370	2.26740308	-6.61944298	-0.65455944	-0.45068025	0.29966208	6.07048736	2.74920526	-7.40723529	5.30510281	
0.29558774	0.23578557	2.23636745	1.32551248	-0.29422135	-8.43787932	-5.95000000	0.22081826	13.13705218	4.71775024	1.97124590	18.03107016	5.04000000	1.26178764	1.12025334	2.95442340	3.01798987	2.17656563	-4.09440879	-7.38453085	8.62088272	1.06270897	2.27068590	-6.61294633	-0.56402475	-0.42675788	0.79221918	6.26252370	2.87313214	-7.40222286	5.33377393	
0.29558774	0.26839873	2.25129744	1.32551248	-0.29422135	-8.43787932	-5.95000000	7.07323305	13.13705218	4.71775024	2.19217523	18.03107016	5.04000000	1.33582770	1.15603567	2.98656090	3.07035049	2.17656563	-4.04458709	-7.33807953	8.63052709	1.16928442	2.27886012	-6.52292129	-0.36424985	-0.33106838	1.07368038	16.35897963	3.02973625	-7.33204892	5.46181157	
0.29558774	0.30101190	2.38566736	1.32551248	-0.29422135	-8.43787932	-5.95000000	7.07323305	13.13705218	4.71775024	2.22075043	18.03107016	5.04000000	1.33582770	1.47807660	2.99298840	3.22743235	2.19948752	-4.02465840	-7.25162847	9.08349109	1.19059951	2.28792070	-6.30017892	-0.34030679	-0.27126244	1.35514158	33.94485272	3.05748108	-7.30698679	5.56390240	
0.29558774	0.46407771	2.70666216	1.32551248	0.33560018	-6.63052771	-5.95000000	7.07323305	13.13705218	4.71775024	2.52638760	18.03107016	5.04000000	1.48390780	1.58542357	2.99941590	3.23615912	2.30263600	-3.79796964	-7.21937061	9.15373427	1.19059951	2.43482683	-6.22407527	-0.17270538	-0.19949532	1.42550688	47.67836050	3.07351142	-7.29696194	5.64922744	
0.29558774	0.72498302	3.18442188	1.32551248	0.33560018	-6.63052771	-5.94874479	7.07323305	13.13705218	4.71775024	3.14118490	18.03107016	5.31602953	1.63198791	2.37263474	3.13439342	3.34088036	2.47455014	-3.51548057	-7.05369425	9.34220137	1.53164096	3.18002666	-6.18416727	-0.16821606	-0.19949532	1.77733338	55.16195838	3.22888243	-7.09145253	5.69301465	
0.29558774	0.75759618	3.68271033	1.40813473	0.33560018	-6.63052771	-5.94749330	7.07323305	13.13705218	4.71775024	4.90266961	18.03107016	7.45355331	2.07622823	2.40841707	3.16653092	3.48923545	2.55477674	-3.37697622	-6.71872864	9.68216548	1.61690132	3.21285485	-5.91780452	0.34132216	1.57076039	1.98842928	56.08722437	3.57785066	-6.99621646	7.64714917	
